[gd_scene load_steps=7 format=3 uid="uid://d22ovkdv7jm8m"]

[ext_resource type="Texture2D" uid="uid://crncvw24ke7x2" path="res://Textures/pngtree-wavy-halftone-texture-png-image_2583634.jpg" id="1_0bpnm"]
[ext_resource type="PackedScene" uid="uid://5gly6nyy1467" path="res://Scenes/player.tscn" id="2_midom"]

[sub_resource type="StandardMaterial3D" id="StandardMaterial3D_vg5lr"]
albedo_color = Color(0.658824, 0.419608, 0.945098, 1)
albedo_texture = ExtResource("1_0bpnm")
metallic = 0.45
roughness = 0.15
backlight_enabled = true
backlight = Color(0.564962, 0.564962, 0.564962, 1)

[sub_resource type="ProceduralSkyMaterial" id="ProceduralSkyMaterial_tesle"]

[sub_resource type="Sky" id="Sky_gescd"]
sky_material = SubResource("ProceduralSkyMaterial_tesle")

[sub_resource type="Environment" id="Environment_wyxx1"]
background_mode = 2
sky = SubResource("Sky_gescd")
fog_enabled = true
fog_light_energy = 1.16
fog_density = 0.0
fog_aerial_perspective = 0.12
fog_sky_affect = 0.611

[node name="Main" type="Node3D"]
transform = Transform3D(0.999921, 0.0125486, 0, -0.0125486, 0.999921, 0, 0, 0, 1, -0.0990627, 0, 0)

[node name="Platform 1" type="CSGBox3D" parent="."]
transform = Transform3D(0.31929, 0, 0.947657, -3.11993e-08, 1, -6.23986e-08, -0.947657, 0, 0.31929, -0.817501, -0.109402, 0.549834)
use_collision = true
size = Vector3(0.991211, 1.23242, 2.38867)
material = SubResource("StandardMaterial3D_vg5lr")

[node name="Platform 2" type="CSGBox3D" parent="."]
transform = Transform3D(0.31929, 0, 0.947657, -2.37487e-08, 1, -4.74975e-08, -0.947657, 0, 0.31929, 2.48499, -0.362885, -0.365892)
use_collision = true
size = Vector3(1.69275, 1.23242, 1.58203)
material = SubResource("StandardMaterial3D_vg5lr")

[node name="Platform 3" type="CSGBox3D" parent="."]
transform = Transform3D(0.31929, 0, 0.947657, -9.45292e-08, 1, -1.89058e-07, -0.947657, 0, 0.31929, -0.632592, 0.0600388, -2.46293)
use_collision = true
size = Vector3(2.8219, 1.70312, 1.58203)
material = SubResource("StandardMaterial3D_vg5lr")

[node name="Player" parent="." instance=ExtResource("2_midom")]
transform = Transform3D(0.31929, 0.00076795, 0.947657, -0.000245205, 1, -0.000727783, -0.947657, -7.18203e-09, 0.31929, -1.38405, 1.64992, 0.393582)

[node name="DirectionalLight3D" type="DirectionalLight3D" parent="."]
transform = Transform3D(0.552235, 0.468117, 0.689858, -0.604261, -0.345346, 0.718056, 0.574374, -0.81339, 0.0921526, 11.9039, 10.5102, 0)

[node name="WorldEnvironment" type="WorldEnvironment" parent="."]
environment = SubResource("Environment_wyxx1")
